sn 2006ah 13 46.2 -09 08 53788.459 18.666
sn 2006D 12 52.6 -09 47 53753.50921 14.412
sn 2006ak 11 09.5 +28 38 53794.25697 17.794
sn 2006al 10 39.5 +05 11 53793.29634 18.533
sn 2006an 12 14.6 +12 14 53796.387 18.186
sn 2007cp 12 42.2 -17 24 54270.1779 17.324
sn 2005ms 08 49.2 +36 08 53737.39218 16.569
sn 2003hu 19 11.5 +77 54 52910.17889 18.727
sn 2003hu 19 11.5 +77 54 54619.14509 17.0793
sn 2001ah 11 10.5 +55 10 52032.15295 18.675
sn 2007ob 23 12.4 +13 55 54411.11363 17.4725
sn 2006az 12 12.2 +56 11 53825.27674 16.585
sn 2006ot 02 15.1 -20 46 54081.17153 18.84
sn 2007ca 13 31.1 -15 06 54226.24524 15.888
sn 2005cf 15 21.5 -07 25 53522.2359 15.004
sn 2007ci 11 45.8 +19 46 54239.28107 16.684
sn 2006ar 10 37.5 +65 01 53805.21534 17.113
sn 2010A 02 32.7 +00 37 55205.17939 16.1609
sn 2009ig 02 38.2 -01 19 55079.48251 13.4651
sn 2001ay 14 26.3 +26 15 52029.13855 16.734
sn 2001en 01 25.4 +34 02 52197.14546 15.23
sn 2008fr 01 11.8 +14 38 54736.24951 17.0111
sn 2009fv 16 29.7 +40 49 55002.1794 16.934
sn 2006cf 10 54.0 +46 02 53903.18499 18.715
sn 2006is 05 17.6 -23 47 54018.488 16.601
sn 2003D 09 38.9 -04 51 52663.38957 18.536
sn 2006bq 18 40.0 +39 59 53851.45646 16.291
sn 2001ie 10 16.8 +60 17 52257.53955 16.698
sn 2001ic 23 10.7 +07 34 52266.15127 18.627
sn 2005ki 10 40.5 +09 12 53695.50664 17.004
sn 2006et 00 42.8 -23 34 54004.31981 16.124
sn 2003U 17 22.8 +62 10 52680.42535 16.6
sn 2002hu 02 18.3 +37 28 52591.24729 16.8
sn 2003W 09 46.8 +16 03 52673.4631 16.378
sn 2006eu 20 02.8 +49 19 54000.17097 17.497
sn 2006on 21 56.0 -01 04 54062.144 18.752
sn 2005kc 22 34.1 +05 34 53692.094 16.066
sn 2005ke 03 35.1 -24 57 53692.303 15.147
sn 2006ev 21 31.0 +13 59 54011.132 18.307
sn 2004as 11 25.7 +22 50 53082.28865 17.069
sn 2007hu 16 56.5 +27 59 54367.11035 18.0864
sn 2006ac 12 41.7 +35 04 53777.47628 16.285
sn 2007bm 11 25.0 -09 48 54215.15929 15.101
sn 2006bk 15 04.6 +35 58 53838.26313 17.384
sn 2006bd 11 38.5 +20 32 53833.18 18.616
sn 2002ha 20 47.3 +00 19 52580.12286 15.11
sn 2007bc 11 19.2 +20 49 54201.22486 15.95
sn 2007bc 11 19.2 +20 49 54622.33896 16.8776
sn 2009nq 23 15.3 +19 01 55205.13306 15.616
sn 2002hd 08 54.1 -07 11 52579.48507 16.829
sn 2007hg 04 08.5 +02 23 54351.47157 18.593
sn 2007bz 12 56.9 +22 22 54216.13623 16.601
sn 2006nz 00 56.5 -01 14 54056.3251 18.051
sn 2007H 08 35.0 -08 20 54127.19799 18.811
sn 2007A 00 25.3 +12 53 54117.13319 15.7745
sn 2006bu 13 52.8 +05 19 53859.248 18.335
sn 2006bt 15 56.5 +20 03 53855.378 16.993
sn 2006bw 14 33.9 +03 48 53860.2665 17.412
sn 2002hw 00 06.8 +08 38 52601.131 16.635
sn 2007hj 23 01.8 +15 35 54348.30369 15.74
sn 2009na 10 47.0 +26 33 55202.39693 15.888
sn 2006br 13 30.0 +13 25 53853.331 18.253
sn 2006ax 11 24.1 -12 17 53818.36854 15.956
sn 2008at 10 27.2 +71 25 54539.18044 18.2646
sn 2006S 12 45.7 +35 05 53765.40911 16.945
sn 2008ar 12 24.6 +10 50 54529.35325 16.5656
sn 2004L 10 27.1 +16 01 53034.41969 17.319
sn 2007O 14 56.1 +45 24 54129.55027 16.894
sn 2009gf 14 15.6 +14 17 55001.17514 16.1128
sn 2004K 14 23.7 -19 27 53053.5094 19.133
sn 2006je 01 50.9 +33 06 54030.349 18.849
sn 2010ai 12 59.4 +28 00 55268.30216 17.073
sn 2008ae 09 56.1 +10 30 54508.36262 18.3501
sn 2008ad 12 49.6 +28 20 54508.47756 18.6785
sn 2008ac 11 53.8 +48 25 54516.37024 18.2533
sn 2002cr 14 06.6 -05 26 52401.27116 14.835
sn 2006bz 13 00.7 +27 58 53862.18588 17.766
sn 2006qo 08 00.1 +56 22 54072.32687 17.647
sn 2008ai 10 57.7 +37 40 54514.27892 18.5806
sn 2010ag 17 03.9 +31 30 55270.5097 16.683
sn 2006gr 22 32.4 +30 50 54006.37909 17.444
sn 2001gc 05 55.4 +51 55 52262.21139 16.88
sn 2001gb 09 59.0 +17 49 52266.48929 18.207
sn 2006mq 08 06.2 -27 34 54050.4945 13.975
sn 2006gt 00 56.3 -01 38 54008.359 18.24
sn 2006ou 11 37.2 +15 26 54094.47017 17.8315
sn 2005ir 01 16.7 +00 48 53691.27204 18.662
sn 2007ev 22 40.1 +24 42 54288.44751 18.3071
sn 2005am 09 16.2 -16 18 53438.26965 13.78
sn 2006gj 03 17.6 -01 42 54007.40613 17.805
sn 2001N 10 40.0 +24 05 51934.52943 16.348
sn 2007F 13 03.3 +50 37 54116.53597 16.313
sn 2006N 06 08.5 +64 43 53763.22115 15.388
sn 2006X 12 22.9 +15 49 53777.37597 14.933
sn 2010H 08 06.4 +01 02 55241.11354 16.663
sn 2008dt 16 56.5 +27 59 54671.29405 19.023
sn 2006os 02 55.0 +16 01 54066.27134 17.719
sn 2005hc 01 56.8 -00 13 53665.317 17.545
sn 2001C 06 59.6 +59 31 51957.1356 16.557
sn 2008dr 22 10.8 +02 06 54671.3587 18.7153
sn 2008ds 00 29.8 +31 24 54665.46313 15.8955
sn 2002es 03 23.8 +40 34 52522.46777 16.828
sn 2003it 00 05.8 +27 27 52935.22968 16.508
sn 2002eu 01 49.7 +32 38 52556.31894 19.858
sn 2004ap 10 05.7 +10 16 53136.13719 18.398
sn 2010Y 10 51.1 +65 47 55241.14683 15.6947
sn 2006ob 01 51.8 +00 16 54059.196 18.48
sn 2001V 11 57.4 +25 12 51959.53921 16.575
sn 2006oa 21 23.7 -00 51 54059.07486 18.374
sn 2007nq 00 57.7 -01 23 54402.27138 17.5772
sn 2005hf 01 27.1 +19 07 53671.23561 17.697
sn 2001fe 09 38.0 +25 30 52229.38454 14.717
sn 2001fh 21 20.7 +44 24 52221.07906 16.841
sn 2007ux 10 09.3 +15 00 54474.45605 17.577
sn 2005hj 01 26.8 -01 14 53679.23431 17.847
sn 2005hk 00 27.8 -01 12 53676.1689 16.645
sn 2003du 14 34.6 +59 20 52763.32016 13.61
sn 2008Z 09 43.3 +36 17 54508.37952 16.6441
sn 2003fa 17 44.1 +40 53 52798.37698 17.244
sn 2002G 13 07.9 +34 05 52296.48722 17.542
sn 2004fu 20 35.2 +64 48 53322.11502 15.563
sn 2002fb 01 57.8 +36 20 52546.35895 18.055
sn 2007fq 20 34.9 -23 06 54307.30438 19.0668
sn 2007fs 22 01.7 -21 30 54299.43954 15.2161
sn 2001az 16 34.5 +76 02 52036.34455 17.176
sn 2002fk 03 22.1 -15 24 52551.48377 13.362
sn 2006hn 11 07.3 +76 42 54012.50828 16.761
sn 2008gb 02 58.0 +46 52 54748.49182 17.5496
sn 2009ad 05 03.6 +06 40 54881.09149 16.7265
sn 2007fb 23 56.9 +05 31 54297.45591 16.082
sn 2009an 12 22.8 +65 51 54894.50504 14.6737
sn 2008gl 01 20.9 +04 48 54763.36248 17.1238
sn 2009al 10 51.4 +08 35 54891.32502 16.47
sn 2003ic 00 41.8 -09 18 52910.30435 17.764
sn 2001eh 01 38.2 +41 39 52169.32868 16.775
sn 2002kf 06 37.3 +49 51 52642.08001 16.064
sn 2007kk 03 42.4 +39 15 54383.40521 17.5647
sn 2007kh 03 15.2 +43 10 54370.46425 18.3265
sn 2007kf 17 31.5 +69 19 54380.09561 18.7037
sn 2007kg 23 58.6 +60 59 54370.35773 17.6973
sn 2007kd 09 26.0 +34 38 54384.5163 17.3027
sn 2006mo 00 46.6 +36 20 54046.15638 17.528
sn 2007S 10 00.5 +04 24 54138.2353 15.823
sn 2007R 07 46.6 +44 47 54134.37617 16.975
sn 2006em 02 25.7 +41 57 53988.451 18.563
sn 2006en 23 10.1 +30 13 53978.40294 16.996
sn 2007N 12 49.0 -09 27 54127.53649 17.245
sn 2006mp 17 12.0 +46 33 54052.092 16.087
sn 2002cd 20 23.6 +58 21 52379.49319 16.419
sn 2006ej 00 39.0 -09 01 53978.4598 15.839
sn 2003iv 02 50.1 +12 51 52935.38301 17.414
sn 2007ai 16 12.9 -21 38 54172.47007 17.8
sn 2006ef 02 04.3 -08 44 53978.48007 15.849
sn 2001ep 04 57.0 -04 46 52196.45873 15.101
sn 2010dw 15 22.7 -05 55 55356.18025 17.347
sn 2007rx 23 40.2 +27 25 54457.11987 16.8327
sn 2010dt 16 43.2 +32 41 55373.19719 18.0173
sn 2003ai 13 01.0 +39 51 52729.4311 18.727
sn 2002ck 15 47.0 -00 59 52404.29197 16.791
sn 2007ar 13 21.0 +58 33 54186.20663 19.091
sn 2007cs 23 49.6 +29 56 54282.39716 16.9715
sn 2008Y 11 19.5 +54 28 54508.40332 18.452
sn 2008bi 08 35.9 +00 42 54555.11188 17.2635
sn 2006B 23 21.2 +33 24 53768.09209 18.151
sn 2003ae 09 28.4 +27 27 52680.40609 17.765
sn 2009bv 13 07.3 +35 47 54921.29384 17.1804
sn 2008Q 01 25.0 +09 33 54502.12073 13.9057
sn 2007cf 15 23.1 +08 32 54232.30554 18.6376
sn 2009jr 20 26.4 +02 55 55119.11309 16.2691
sn 2008bz 12 39.0 +11 08 54582.18855 18.1107
sn 2007cc 14 08.7 -21 36 54227.24877 16.5348
sn 2008by 12 05.3 +40 57 54583.21336 17.3765
sn 2007cn 22 13.9 +13 45 54252.45754 18.804
sn 2007cb 13 58.3 -23 22 54227.23586 17.235
sn 2008C 06 57.2 +20 26 54475.37341 15.9137
sn 2008A 01 38.3 +35 22 54476.11817 16.3166
sn 2007sr 12 01.9 -18 58 54454.52039 12.856
sn 2001da 23 53.5 +08 07 52110.39498 15.554
sn 2006hb 05 02.0 -21 08 54008.42892 15.597
sn 2006cc 16 09.9 +43 08 53865.4055 18.118
sn 2007sw 12 13.6 +46 30 54470.50624 16.278
sn 2007su 22 19.1 +13 11 54468.07015 17.105
sn 2007ss 12 41.1 +50 23 54461.52722 16.228
sn 2008bw 18 26.8 +51 08 54590.46949 18.2249
sn 2006le 05 00.7 +62 15 54036.48423 17.353
sn 2007cq 22 14.7 +05 05 54276.43389 16.311
sn 2008L 03 17.3 +41 23 54507.10134 16.4
sn 2007le 23 38.8 -06 31 54392.14083 14.1086
sn 2002do 19 56.2 +40 26 52447.47686 16.504
sn 2003K 15 32.0 +68 15 52673.52264 16.168
sn 2002dj 13 13.0 -19 31 52442.17939 14.905
sn 2008af 14 59.5 +16 39 54510.46403 17.121
sn 2002de 16 16.5 +35 43 52430.25196 16.682
sn 2005iq 23 58.5 -18 43 53688.20005 16.92
sn 2009kk 03 49.7 -03 16 55130.42371 15.1518
sn 2009kq 08 36.3 +28 04 55151.532 14.7308
sn 2007co 18 23.1 +29 54 54260.37911 16.905
sn 2005na 07 01.6 +14 08 53746.45 16.4
sn 2002dp 23 28.5 +22 26 52448.46648 14.671
sn 2005ew 03 39.4 +35 03 53656.381 15.357
sn 2007al 09 59.3 -19 28 54173.22042 16.779
sn 2005eu 02 27.7 +28 11 53654.461 17.1
sn 2006cm 21 20.3 -01 41 53885.458 17.199
sn 2006cj 12 59.4 +28 21 53880.24463 18.192
sn 2005eq 03 08.8 -07 02 53648.36538 16.657
sn 2003kc 09 46.6 +30 39 52984.49728 17.154
sn 2006cg 13 05.0 +28 44 53874.35235 16.647
sn 2007af 14 22.4 -00 24 54163.46102 14.488
sn 2003kf 06 04.6 -12 38 52983.41109 14.267
sn 2007if 01 10.9 +15 28 54357.36495 17.5478
sn 2006cz 14 48.6 -04 45 53928.227 18.03
sn 2007ax 08 22.7 +22 33 54191.13471 15.754
sn 2005M 09 37.5 +23 12 53438.31285 17.375
sn 2006or 11 48.1 +30 21 54072.49082 17.423
sn 2007au 07 11.8 +49 51 54179.143 16.987
sn 2007ir 02 33.7 +37 40 54363.36512 19.4411
sn 2007is 16 47.2 +40 15 54379.11904 16.976
sn 2008bf 12 04.0 +20 15 54550.25101 15.915
sn 2006cs 13 45.6 +35 37 53901.27477 18.384
sn 2006cp 12 19.2 +22 26 53886.198 17.161
sn 2006cq 13 24.4 +30 57 53888.212 17.584
sn 2007qe 23 54.2 +27 25 54420.12 16.838
sn 2009do 12 35.0 +50 51 54948.29175 17.1639
sn 2005el 05 11.8 +05 12 53640.44156 15.651
sn 2005mz 03 19.8 +41 30 53742.1017 16.919
sn 2002ar 11 37.7 +22 01 52345.3953 18.723
sn 2006ct 12 10.0 +47 06 53928.18343 19.5912
sn 2004ef 22 42.2 +20 00 53265.14115 16.94
sn 2001cp 17 11.1 +05 50 52113.28851 17.292
sn 2009dc 15 51.2 +25 42 54940.42115 15.4066
sn 2007ap 15 56.4 +16 31 54176.49088 15.747
sn 2006kf 03 41.8 +08 09 54040.29502 16.665
sn 2006ke 05 52.6 +66 49 54039.46914 19.401
sn 2003cg 10 14.3 +03 28 52726.19074 14.835
sn 2007ba 15 16.7 +07 24 54206.4102 17.943
sn 2007aj 12 47.9 +54 01 54172.37221 17.0169
sn 2003ch 07 18.0 +09 42 52734.12196 17.129
sn 2005mc 08 27.1 +21 39 53732.34339 17.234
sn 2009ds 11 49.1 -09 44 54961.15539 15.6015
sn 2008hs 02 25.5 +41 51 54806.18942 16.7939
sn 2006lf 04 38.5 +44 02 54037.19657 17.648
sn 2008hv 09 07.6 +03 24 54805.44075 16.7594
sn 2007bd 08 31.6 -01 12 54198.18711 17.479
sn 2007jg 03 29.8 +00 03 54370.44476 17.5109
sn 2006sr 00 03.6 +23 12 54090.10222 16.477
sn 2003cq 11 56.2 +60 31 52737.23442 17.138
sn 2009le 02 09.3 -23 25 55157.179 15.9264
sn 2009lf 02 01.7 +15 20 55154.18198 17.1247
sn 2007ae 17 01.9 +79 02 54159.52201 17.955
sn 2002he 08 20.0 +62 49 52579.45087 16.896
sn 2006H 03 26.0 +40 42 53757.15619 17.098
sn 2002jy 01 21.3 +40 30 52636.11428 15.898
sn 2008hj 00 04.0 -11 10 54811.11241 17.1501
sn 2006bb 08 33.5 +41 31 53828.157 17.111
sn 2009li 00 22.9 +06 58 55160.27337 18.0646
sn 2008hm 03 27.2 +46 57 54801.40251 16.969
sn 2005dv 13 41.1 +67 40 53626.11 15.686
sn 2008cm 07 16.6 -62 19 54613.14273 16.0989
sn 2009Y 14 42.4 -17 15 54881.39162 14.1546
sn 2005ls 02 54.3 +42 43 53725.13993 16.439
sn 2007cg 13 25.7 -24 39 54236.22466 18.033
sn 2005lu 02 36.1 -17 16 53728.19718 17.8
sn 2002bo 10 18.1 +21 50 52345.31661 15.29
sn 2004bg 11 21.0 +21 20 53119.35625 15.928
sn 2008cd 13 15.0 -15 57 54592.16824 17.932
sn 2005lz 02 10.8 +34 59 53731.197 18.013
sn 2008cf 14 07.5 -26 33 54596.24934 17.216
sn 2010cr 13 29.4 +11 48 55339.23616 18.6976
sn 2006te 08 11.7 +41 33 54101.25747 16.799
sn 2002bf 10 15.7 +55 40 52373.24105 18.466
sn 2001G 09 09.6 +50 17 51933.36156 15.042
sn 2002bz 14 24.7 +26 38 52385.23118 17.986
sn 2006ha 22 58.6 +15 10 54011.18395 18.66
sn 2001bf 18 01.6 +26 15 52050.45825 15.062
sn 2009D 03 54.4 -19 11 54843.15641 15.9162
sn 2006td 01 58.3 +36 21 54100.153 15.893
sn 2007bj 16 22.2 -01 31 54214.40057 15.6436